# Created by Octave 4.0.0, Wed Nov 02 19:11:24 2016 JST <amogh09@amogh-home>
# name: MyTheta1
# type: matrix
# rows: 2
# columns: 3
 -0.051 0.003 0.07099999999999999
 0.002 0.016 0.049


# name: MyTheta2
# type: matrix
# rows: 1
# columns: 3
 0.012 -0.163 0.058


