# Created by Octave 4.0.0, Wed Nov 02 19:37:41 2016 JST <amogh09@amogh-home>
# name: X
# type: matrix
# rows: 1
# columns: 2
 1 5


# name: y
# type: scalar
0


