# Created by Octave 4.0.2, Thu Nov 17 19:59:17 2016 JST <root@amoghlab-Diginnos-PC>
# name: MyTheta1
# type: matrix
# rows: 2
# columns: 3
 -0.051 0.003 0.07099999999999999
 0.002 0.016 0.049


# name: MyTheta2
# type: matrix
# rows: 1
# columns: 3
 0.012 -0.163 0.058


# name: X
# type: matrix
# rows: 2
# columns: 2
 1 5
 3 4


# name: y
# type: matrix
# rows: 2
# columns: 1
 0
 1


